1, 80
2, 23
3, 4
4, 82
5, 26
6, 83
7, 8
8, 84
9, 25
10, 74
11, 87
12, 52
13, 15
14, 41
15, 82
16, 57
17, 82
18, 53
19, 76
20, 64
21, 53
22, 7
23, 57
24, 94
25, 61
26, 72
27, 70
28, 22
29, 36
30, 56
31, 7
32, 59
33, 49
34, 13
35, 97
36, 100
37, 72
38, 35
39, 17
40, 93
41, 70
42, 77
43, 20
44, 91
45, 17
46, 17
47, 30
48, 96
49, 84
50, 87
51, 19
52, 42
53, 9
54, 54
55, 94
56, 89
57, 4
58, 82
59, 57
60, 29
61, 39
62, 82
63, 91
64, 56
65, 9
66, 67
67, 89
68, 69
69, 66
70, 62
71, 61
72, 55
73, 100
74, 61
75, 93
76, 40
77, 86
78, 72
79, 81
80, 11
81, 15
82, 1
83, 43
84, 64
85, 32
86, 86
87, 61
88, 100
89, 89
90, 32
91, 96
92, 62
93, 54
94, 62
95, 84
96, 8
97, 21
98, 30
99, 70
100, 86
101, 63
102, 75
103, 72
104, 81
105, 84
106, 60
107, 45
108, 29
109, 98
110, 64
111, 86
112, 22
113, 51
114, 12
115, 62
116, 7
117, 28
118, 100
119, 11
120, 87
121, 18
122, 3
123, 19
124, 66
125, 32
126, 38
127, 61
128, 84
129, 95
130, 12
131, 11
132, 26
133, 53
134, 76
135, 69
136, 86
137, 11
138, 61
139, 32
140, 92
141, 10
142, 80
143, 89
144, 46
145, 18
146, 11
147, 87
148, 96
149, 84
150, 76
